3
5
7
13
17
17
46000013
46000013
46000013
46000013
46000013
46000013
46000013
46000013
46000013
46000013
46000013
46000013
46000013
46000013
46000013
46000013
46000013
46000013
46000013
46000013
46000013
46000013
46000013
46000013
46000013
46000013
46000013
46000013
46000013
46000013
46000013
46000013
46000013
46000013
46000013
46000013
46000013
46000013
46000013
46000013
46000013
46000013
46000013
46000013
46000013
46000013
46000013
46000013
46000013
46000013
46000013
46000013
46000013
46000013
46000013
46000013
46000013
46000013
46000013
46000013
46000013
46000013
46000013
46000013
46000013
46000013
46000013
46000013
46000013
46000013
46000013
46000013
46000013
46000013
46000013
46000013
46000013
46000013
46000013
46000013
46000013
46000013
46000013
46000013
46000013
46000013
46000013
46000013
46000013
46000013
46000013
46000013
46000013
46000013
46000013
46000013
46000013
46000013
46000013
46000013
46000013
46000013
46000013
46000013
46000013
46000013
46000013
46000013
46000013
46000013
46000013
46000013
46000013
46000013
46000013
46000013
46000013
46000013
46000013
46000013
46000013
46000013
46000013
46000013
46000013
46000013
46000013
46000013
46000013
46000013
46000013
